10
10
13
5
one
1
49 178 247 183 96 55 204 289 207 111 37 120 180 126 64 7 34 48 34 20 0 11 11 10 8 0 9 11 8 11 0 8 13 10 13 0 8 11 8 10 0 7 8 8 8 0 5 8 6 8 0 6 9 8 10 0 5 8 9 8 0 3 7 6 6 
1
50 166 229 175 89 59 213 216 166 90 47 149 195 130 63 19 53 62 37 19 0 11 12 9 12 0 10 9 9 10 0 7 9 9 10 0 3 7 7 9 0 9 11 11 12 1 31 16 10 9 0 10 12 9 10 1 5 6 7 10 2 6 9 11 12 
1
52 182 240 169 87 48 199 254 176 92 46 133 198 135 66 24 54 82 55 26 0 7 8 8 8 0 5 8 8 8 0 7 12 8 8 0 8 8 8 8 0 6 9 8 8 0 6 8 8 9 0 8 8 8 8 0 7 7 8 8 0 5 5 6 6 
1
60 198 227 168 88 56 215 257 176 91 46 148 196 135 65 19 72 88 58 27 2 23 20 15 6 0 3 4 5 5 0 3 5 6 6 0 2 3 6 4 0 5 4 8 5 0 5 5 6 5 0 2 3 5 4 0 2 3 6 5 0 1 2 3 3 
1
70 180 236 183 97 53 204 252 170 90 54 131 187 130 60 17 38 67 46 20 0 4 5 5 4 0 9 10 10 13 1 8 13 13 13 0 8 9 9 12 0 10 9 9 10 0 5 8 9 10 0 8 10 9 10 1 8 10 9 8 0 2 4 5 5 
1
58 198 260 166 76 58 206 252 166 82 46 135 185 127 61 13 48 77 51 23 0 7 12 8 10 0 5 8 8 10 0 6 10 8 10 0 7 8 8 10 0 4 7 7 10 0 6 7 6 9 0 9 12 10 13 0 7 9 8 12 0 9 9 8 6 
1
58 176 212 165 83 63 227 255 173 90 50 153 190 115 57 16 49 75 46 24 1 8 15 10 8 0 2 4 4 4 0 4 5 7 6 0 9 11 10 10 0 11 14 11 12 0 10 9 10 12 0 9 11 9 11 0 7 12 10 11 0 5 6 6 9 
1
63 200 244 174 81 64 190 240 153 75 50 135 185 122 56 14 40 69 51 23 0 5 8 7 8 0 7 13 8 11 0 7 13 11 9 0 9 13 10 10 0 9 13 13 11 0 11 15 13 9 0 8 13 11 13 0 9 13 9 13 0 6 9 6 9 
1
61 191 237 165 78 67 204 259 179 87 53 135 195 127 61 13 36 59 35 20 0 12 13 9 12 0 8 9 8 12 0 8 9 7 12 0 9 12 7 10 0 8 12 9 10 1 8 12 10 12 0 7 10 9 10 0 4 7 8 10 0 5 6 8 6 
1
65 175 224 159 74 67 204 263 177 84 46 124 176 113 55 15 44 69 43 20 1 10 16 13 8 0 9 13 11 13 0 10 14 10 15 0 9 14 9 11 0 11 15 10 10 0 10 17 13 10 0 7 13 11 11 0 8 13 9 9 0 6 10 7 8 
59 674 184 1164 236 1344 171 793 85 792 59 625 207 994 254 1822 174 1381 89 927 48 477 136 1074 189 736 126 747 61 382 16 455 47 1127 70 1164 46 836 22 282 0 70 10 535 12 437 9 288 8 246 0 0 7 279 9 314 8 208 10 313 0 32 7 204 10 330 9 213 10 305 0 0 7 257 10 327 8 132 9 217 0 0 8 245 10 343 9 184 10 212 0 42 10 783 10 420 9 264 9 200 0 0 7 222 10 300 9 173 10 258 0 42 6 215 9 326 8 116 9 232 0 63 5 230 7 258 7 212 7 254 
two
1
35 203 250 125 70 50 208 351 191 83 45 145 200 122 62 12 33 58 29 17 5 16 13 12 13 0 10 9 9 9 0 8 9 9 10 1 6 8 8 9 0 4 5 8 9 0 4 5 8 6 0 5 9 8 10 0 2 5 5 6 0 9 14 9 9 
1
48 211 258 148 82 47 199 315 175 88 39 136 228 115 56 14 48 75 39 24 1 5 6 9 12 0 6 8 5 8 0 6 8 6 8 0 2 2 4 4 0 2 4 5 5 0 6 9 9 10 0 10 11 9 11 0 8 11 8 12 0 3 5 3 6 
1
89 195 212 116 69 47 243 344 182 86 46 137 195 113 58 22 60 82 39 21 0 8 9 9 9 0 3 7 7 7 0 2 4 5 4 0 4 6 7 6 0 4 6 5 5 1 3 4 9 9 0 3 6 7 8 0 9 11 9 13 0 6 8 6 8 
1
48 231 204 112 64 39 322 275 160 77 38 149 221 117 56 6 51 58 32 18 1 10 11 7 10 0 10 9 9 9 0 10 11 7 9 0 6 10 7 9 0 5 7 7 9 0 7 11 13 15 0 10 9 9 10 0 7 5 7 11 0 2 6 9 10 
1
33 181 245 130 61 51 252 349 188 87 39 151 207 115 55 8 44 52 32 17 0 8 10 9 11 0 7 8 8 9 0 5 7 8 8 0 9 9 10 8 0 8 8 8 8 0 8 8 8 8 0 5 7 5 8 0 10 10 7 11 0 6 9 11 9 
1
48 212 279 134 69 52 210 338 163 70 43 145 212 107 50 7 46 59 33 20 0 4 8 8 7 0 5 7 6 5 0 8 10 12 9 0 9 10 10 9 0 9 10 10 12 0 7 10 10 12 0 5 8 10 9 0 7 10 8 10 0 3 7 5 7 
1
45 223 285 147 72 56 204 318 158 81 45 135 207 107 50 9 30 52 27 15 0 8 12 10 10 0 7 9 7 10 0 7 9 8 10 0 9 13 8 9 0 8 12 9 8 0 8 10 9 9 0 7 10 8 9 0 8 9 12 13 0 7 8 9 7 
1
47 210 271 131 62 66 238 322 157 73 48 140 193 94 45 9 42 58 31 16 0 7 11 10 8 0 5 7 11 9 0 4 6 9 8 0 5 7 8 8 0 8 13 13 13 0 10 14 14 13 0 7 13 14 15 0 6 11 11 15 0 3 6 8 9 
1
49 224 287 138 69 61 239 373 174 74 51 130 194 108 45 3 34 35 18 15 0 10 11 10 11 0 3 5 6 6 0 5 5 6 6 0 3 8 6 6 0 3 5 10 10 0 5 6 8 11 0 5 10 8 8 0 3 5 5 5 1 15 17 11 15 
1
33 228 256 138 80 46 245 310 177 95 41 144 210 116 60 9 40 65 34 18 0 8 16 7 8 0 6 8 6 9 0 3 5 6 6 0 2 3 5 5 0 6 6 8 8 0 7 8 8 9 0 6 9 8 9 0 5 8 8 8 0 5 6 6 6 
48 1602 212 1570 255 2856 132 1186 70 692 52 782 236 3598 330 2742 172 1247 81 788 44 428 141 670 207 1168 111 779 54 595 10 522 43 911 59 1289 31 606 18 285 1 157 8 327 11 275 9 152 10 191 0 0 6 244 8 125 7 184 8 160 0 0 6 249 7 237 8 207 8 193 0 32 6 280 8 331 7 195 7 189 0 0 6 245 8 310 8 241 9 258 0 32 6 207 8 299 10 217 10 262 0 0 6 226 9 199 9 232 10 211 0 0 6 255 8 259 8 226 10 320 0 32 6 387 9 389 8 263 9 263 
three
1
50 79 78 58 40 16 87 112 66 34 22 119 170 109 57 33 113 174 148 81 45 83 111 147 78 25 45 61 65 33 2 52 29 16 7 0 36 12 6 4 0 4 4 4 4 0 4 5 4 4 0 3 6 4 4 0 3 5 4 5 0 4 6 3 3 
1
39 65 46 33 30 41 103 93 62 40 38 146 179 114 55 58 159 210 191 87 53 104 142 149 71 19 35 51 54 25 2 9 12 10 5 0 3 3 3 0 0 0 2 2 2 0 0 3 3 4 0 1 4 4 4 0 1 3 3 3 0 1 2 4 3 
1
40 107 101 62 39 20 99 100 58 28 16 158 107 69 35 49 199 208 174 80 57 106 129 165 77 19 35 45 45 23 0 4 6 6 6 0 3 4 4 4 0 2 5 4 5 0 5 7 5 8 0 5 6 5 8 0 5 6 6 8 0 1 3 4 3 
1
59 79 79 67 46 20 99 109 67 30 24 129 133 82 34 57 131 198 176 79 60 99 126 164 76 19 37 46 53 30 0 8 9 8 8 0 6 7 6 7 0 7 7 5 6 0 7 7 5 6 0 6 6 6 7 0 6 7 6 7 0 4 6 5 4 
1
47 54 61 45 36 27 71 97 52 29 43 105 146 100 51 74 151 211 188 82 67 104 126 156 68 18 39 50 50 27 0 8 9 9 9 0 9 10 8 8 0 7 11 8 9 0 6 8 8 9 0 5 7 8 9 0 7 7 7 10 0 3 5 4 5 
1
31 71 71 43 33 24 73 95 56 32 39 117 179 123 58 61 135 200 187 82 54 92 119 145 65 21 39 52 61 31 2 8 14 16 11 0 3 4 4 6 0 6 7 6 6 0 8 9 8 8 0 8 9 8 8 0 7 7 7 7 0 3 3 3 3 
1
13 55 62 31 20 19 85 109 62 31 38 133 189 131 58 64 140 199 188 81 55 95 124 150 67 17 36 46 55 26 1 7 11 13 10 0 7 7 8 8 0 8 8 8 8 0 8 8 8 8 0 7 8 8 8 0 6 7 7 7 0 3 5 4 4 
1
22 68 62 45 36 18 72 94 62 34 36 113 156 109 50 65 143 192 183 83 67 100 128 162 72 29 39 51 61 30 0 7 10 10 8 0 6 9 8 8 0 7 8 8 8 0 8 9 8 8 0 8 9 8 10 0 6 8 7 8 0 2 3 3 3 
1
15 54 69 42 22 15 78 89 50 25 39 143 217 139 68 67 130 182 190 85 62 87 107 133 61 17 37 47 53 25 1 11 18 15 11 0 9 10 7 9 0 7 8 6 9 0 7 9 7 9 3 10 12 12 12 1 4 8 7 7 0 1 3 4 4 
1
20 60 65 48 27 26 66 89 52 29 24 138 191 103 51 58 155 212 184 86 70 92 132 155 76 17 26 37 43 25 0 11 13 12 9 0 10 12 10 8 0 7 9 7 9 0 8 10 7 9 1 7 12 12 12 0 2 7 7 7 0 1 3 5 4 
34 1585 69 1630 69 1458 47 1177 33 821 23 760 83 1338 99 850 59 604 31 413 32 937 130 1662 167 3193 108 2118 52 1044 59 1123 146 2314 199 1282 181 1287 83 263 59 772 96 771 124 1010 153 990 71 574 20 396 37 478 49 617 54 699 28 327 1 92 12 1403 13 647 12 347 8 201 0 0 9 977 8 333 6 222 6 278 0 0 6 264 7 260 6 204 7 241 0 0 6 256 8 212 6 189 7 195 0 97 6 262 8 264 8 288 8 278 0 32 5 211 6 151 6 145 7 185 0 0 2 125 4 145 4 74 4 70 
four
1
91 113 133 95 63 51 120 173 154 78 22 85 84 69 38 2 9 11 13 15 187 48 68 90 95 67 71 52 62 45 19 46 33 38 27 5 13 15 20 18 0 12 11 8 8 0 3 8 8 8 0 3 5 4 4 0 8 9 8 10 0 6 8 9 9 
1
133 111 124 86 68 54 141 214 194 90 28 105 139 90 54 1 9 13 9 4 153 31 51 54 63 124 25 30 32 34 9 34 27 25 16 1 4 8 12 8 2 7 10 9 10 0 8 12 8 8 0 7 12 8 10 0 8 8 8 9 0 8 10 8 10 
1
71 106 143 105 73 62 125 188 154 81 31 89 123 86 47 4 26 31 22 15 120 22 34 45 52 105 46 36 41 43 52 39 27 35 25 32 18 18 35 24 9 9 15 22 18 1 8 13 11 13 0 3 7 8 7 0 1 3 5 2 0 0 0 1 0 
1
142 118 162 109 76 62 136 206 189 99 34 102 135 95 51 0 10 11 10 7 79 23 29 38 43 73 53 41 56 33 28 43 35 43 30 3 7 11 15 14 1 8 10 10 11 0 5 6 8 7 0 2 3 5 5 0 3 5 5 5 1 8 10 11 8 
1
192 100 122 95 72 60 143 204 152 77 34 93 120 80 44 14 18 22 17 17 86 21 28 40 42 138 27 36 53 48 17 34 35 40 29 3 10 12 16 14 0 10 11 9 10 0 10 12 8 10 0 10 10 9 10 0 7 9 9 9 0 5 8 8 9 
1
47 124 159 133 70 59 147 193 163 87 28 79 99 79 43 25 28 33 27 22 87 25 33 39 42 79 39 41 44 42 34 36 37 36 31 12 22 25 26 24 3 12 14 18 14 0 8 10 12 8 0 8 8 11 8 0 7 9 8 8 0 4 6 6 6 
1
156 130 162 104 78 66 150 183 170 90 32 114 131 89 44 0 10 10 9 6 122 24 27 46 52 52 43 43 61 36 19 33 29 39 26 3 9 12 18 16 0 10 9 9 6 0 3 3 4 4 0 3 6 4 4 3 6 7 9 13 0 10 10 9 10 
1
74 113 144 95 64 75 152 206 148 89 20 67 81 55 31 18 35 38 30 37 114 39 43 46 50 67 54 49 57 46 28 31 28 36 32 6 17 18 18 15 0 12 12 9 8 0 10 11 11 12 0 11 14 12 12 0 11 13 13 12 0 8 11 11 9 
1
178 111 130 88 67 61 154 206 156 85 40 110 142 99 56 11 32 28 22 21 55 23 29 37 45 75 21 26 39 36 22 32 39 47 27 10 17 21 24 15 0 8 9 9 10 0 8 11 10 11 0 4 6 9 13 0 4 6 8 7 0 3 5 5 5 
1
150 117 151 104 71 92 142 197 152 87 25 86 106 77 45 32 24 34 26 26 104 22 35 39 50 47 27 37 43 37 11 24 25 25 23 2 16 20 15 17 0 10 15 12 15 0 8 10 11 12 0 11 12 9 12 0 12 13 11 12 0 9 11 9 10 
123 4941 114 856 143 1533 101 1343 70 485 64 1172 141 1122 197 1269 163 1621 86 652 29 606 93 1474 116 2235 82 1301 45 739 11 1138 20 1017 23 1102 18 796 17 1011 111 3824 28 898 38 1302 47 1585 53 1595 83 3007 41 1596 39 792 49 1030 40 542 24 1253 35 627 32 488 36 700 27 465 8 924 13 566 16 529 20 679 16 477 2 284 10 181 12 232 12 470 11 365 0 32 7 256 10 310 9 238 9 279 0 0 6 361 8 356 8 277 8 341 0 95 7 340 8 319 8 241 9 340 0 32 6 311 8 345 8 302 8 317 
five
1
70 31 52 66 55 81 59 108 121 90 94 54 95 117 92 44 85 118 92 50 24 104 126 76 37 16 74 79 43 20 10 18 22 18 15 80 9 14 19 25 42 7 13 15 18 5 5 7 6 6 0 4 5 4 4 0 4 4 5 5 0 4 6 4 4 
1
88 37 60 73 66 100 54 92 129 104 69 68 112 135 87 42 73 97 69 34 23 85 114 79 40 20 73 85 47 23 3 34 27 12 5 7 5 5 9 10 94 9 14 14 20 51 5 9 11 17 0 2 3 3 3 1 3 3 5 5 0 3 4 3 4 
1
97 38 65 86 65 69 60 119 137 86 74 51 89 132 83 64 61 78 87 63 24 85 110 80 40 19 77 93 58 28 7 39 40 22 12 23 5 8 10 12 61 8 11 14 18 2 4 7 7 8 0 4 5 5 6 0 3 4 4 4 0 2 3 3 3 
1
64 40 71 101 62 73 72 107 119 77 79 69 86 82 69 66 69 81 66 46 34 76 92 68 34 20 69 83 50 24 8 34 38 17 8 20 9 11 8 9 81 7 10 12 20 103 7 11 12 19 31 3 7 7 11 1 2 4 4 5 0 2 3 3 3 
1
90 61 85 111 80 90 64 85 119 86 77 68 86 98 74 52 75 97 79 53 34 85 109 75 41 20 76 90 55 28 9 42 43 25 13 19 13 13 12 12 30 6 6 9 14 14 5 5 6 9 0 4 4 4 5 0 3 3 3 3 0 1 1 1 1 
1
89 52 76 91 71 94 56 98 122 92 82 53 90 116 81 81 55 74 79 58 28 87 111 76 41 22 85 95 56 27 9 48 49 25 14 11 9 8 9 9 42 6 8 13 15 19 4 5 8 10 0 1 1 2 3 0 1 1 2 3 0 1 1 2 2 
1
102 47 76 92 69 96 51 82 95 72 96 59 85 84 67 65 82 102 79 48 36 96 112 81 39 20 78 88 55 26 7 37 40 21 11 10 9 12 11 11 41 5 9 11 12 62 6 10 10 13 17 3 7 6 8 0 2 3 2 3 0 0 0 0 0 
1
151 44 62 77 71 132 47 78 104 82 111 55 86 107 85 56 79 98 70 49 29 95 109 73 38 20 69 82 47 24 8 25 24 14 9 31 5 8 9 16 57 8 13 13 19 9 7 8 10 10 0 9 6 6 5 0 2 3 4 4 0 2 3 3 3 
1
82 40 63 83 55 69 55 101 137 74 62 67 106 95 70 42 66 85 65 44 26 76 93 66 31 16 68 79 46 21 8 36 33 16 8 8 4 6 5 8 69 7 9 13 19 156 11 13 19 26 60 6 8 11 16 0 2 3 5 4 0 2 4 3 3 
1
83 49 58 70 58 108 59 92 99 86 116 61 82 97 86 62 79 106 83 49 36 94 116 74 35 23 71 81 47 24 7 27 26 16 11 50 10 11 13 17 43 6 9 11 19 8 7 9 8 11 0 7 8 6 7 0 7 7 6 6 0 5 6 5 6 
92 2376 44 865 67 1001 85 1420 65 797 91 1966 58 696 96 1289 118 1474 85 943 86 1778 60 706 92 986 106 1845 79 873 57 1264 72 961 94 1383 77 913 49 783 29 519 88 894 109 1012 75 487 38 334 20 222 74 523 86 574 50 517 24 276 8 190 34 872 34 914 19 448 11 310 26 2304 8 290 10 303 10 372 13 517 56 2035 7 120 10 253 12 178 17 276 43 5133 6 208 8 255 10 386 13 608 11 2023 4 241 5 227 5 250 7 405 0 42 3 166 4 151 4 133 4 103 0 0 2 148 3 202 3 142 3 166 
six
1
63 26 34 40 37 70 34 56 61 57 78 39 59 66 62 43 59 54 29 27 14 70 64 33 24 66 50 67 74 62 68 45 66 83 68 65 54 73 73 63 82 31 43 43 48 46 10 14 18 18 0 3 3 3 4 0 4 4 3 3 0 3 4 3 4 
1
73 28 41 52 47 67 35 49 56 50 55 43 49 49 46 38 54 51 38 35 32 61 56 41 33 47 55 62 59 50 58 52 71 75 64 63 49 69 72 61 74 34 48 52 49 63 17 26 30 28 25 5 8 10 9 2 1 1 2 2 0 0 0 0 0 
1
58 27 40 53 52 66 36 48 56 62 59 41 46 47 52 35 52 46 33 32 31 56 49 37 37 53 48 51 59 62 61 42 58 78 77 58 39 61 85 72 58 33 52 72 60 52 20 28 41 38 22 6 7 12 12 0 0 0 1 1 0 0 0 0 0 
1
63 30 38 41 39 65 40 47 55 52 63 48 48 55 55 59 46 43 42 40 36 57 52 32 28 44 53 60 52 42 74 42 66 80 66 70 42 63 78 63 66 35 52 58 51 52 20 32 32 35 15 5 10 9 11 0 2 3 2 2 0 2 2 2 2 
1
68 34 50 62 49 74 43 59 70 59 77 52 62 65 61 74 47 48 43 44 39 51 44 27 26 36 47 53 46 35 65 39 63 71 55 67 44 56 65 52 72 28 34 42 41 64 13 24 25 26 31 5 10 10 11 0 1 3 3 3 0 1 2 2 2 
1
56 25 26 41 42 72 26 39 65 57 98 36 52 49 69 63 44 37 31 38 40 53 51 40 42 82 39 55 56 61 58 45 71 117 74 75 37 49 78 69 66 38 50 56 56 32 15 24 30 26 0 1 2 3 4 0 1 1 1 1 0 2 3 4 4 
1
65 27 44 50 39 64 38 65 76 52 75 43 53 71 57 68 41 46 55 45 43 49 41 26 28 52 42 44 46 43 68 48 67 81 57 71 48 71 64 53 78 36 44 47 49 72 16 22 29 28 9 3 6 6 10 0 0 0 1 1 0 0 1 1 1 
1
62 36 43 55 41 56 48 53 62 48 49 52 43 42 42 47 47 41 30 28 30 62 54 34 28 51 52 55 57 47 73 45 57 77 63 83 41 54 69 65 75 31 48 62 61 61 22 36 44 47 22 6 11 11 12 0 1 1 1 2 0 0 0 1 0 
1
68 40 42 47 42 66 45 52 63 51 74 36 45 60 49 64 41 41 42 34 23 55 49 28 22 48 47 48 48 42 69 50 58 72 63 71 52 61 75 65 86 30 44 49 50 77 20 27 31 31 23 7 7 9 10 0 3 4 4 4 0 2 3 3 3 
1
70 32 37 50 41 80 42 47 56 52 78 35 43 48 44 64 36 39 35 34 45 42 42 30 28 68 45 48 44 38 95 45 55 58 52 107 42 53 60 60 111 37 44 51 57 80 21 26 28 36 19 6 9 8 12 0 1 3 2 3 0 0 0 1 2 
65 530 30 490 40 643 49 703 43 484 68 648 39 634 52 728 62 690 54 447 71 1428 42 638 50 651 55 975 54 872 56 1361 47 683 45 540 38 798 36 609 33 950 56 772 50 696 33 527 30 608 55 1351 48 496 54 709 54 901 48 1017 69 1075 45 389 63 588 79 1505 64 792 73 1375 45 567 61 812 72 758 62 627 77 1454 33 327 46 538 53 915 52 620 60 1478 17 389 26 586 31 738 31 804 17 1051 5 183 7 298 8 314 10 306 0 63 1 126 2 156 2 105 2 103 0 0 1 115 2 151 2 134 2 155 
seven
1
87 50 76 89 75 83 64 104 122 100 76 70 106 117 88 55 85 121 84 52 25 95 150 100 48 11 53 69 43 23 1 7 7 5 5 20 6 9 10 11 57 10 16 17 21 0 3 4 4 5 0 4 4 4 4 0 4 4 4 4 0 3 3 3 3 
1
105 55 92 115 82 104 60 94 114 86 93 64 100 109 77 62 79 123 91 54 30 79 119 69 34 9 41 60 34 18 2 10 11 8 7 19 7 9 11 11 45 12 16 22 23 30 11 12 17 18 2 5 4 4 5 0 2 2 2 2 0 0 0 0 0 
1
85 63 90 98 78 76 66 124 160 97 81 71 119 136 85 71 82 99 71 46 25 99 138 84 44 9 53 67 39 20 0 6 5 3 2 12 3 5 6 8 42 10 16 19 21 6 6 6 6 8 0 0 1 1 1 0 0 1 2 2 0 1 1 3 5 
1
120 51 73 75 73 107 69 104 102 87 88 68 114 114 83 56 83 122 72 42 32 83 149 87 40 12 40 61 37 20 0 4 8 5 6 14 8 8 9 11 54 14 17 24 27 25 7 9 13 14 0 0 3 4 5 0 3 4 4 4 0 3 4 3 5 
1
104 43 66 71 60 120 63 95 106 83 97 72 112 107 77 49 102 159 109 59 34 97 157 90 47 12 41 63 37 21 4 8 11 10 11 12 7 8 12 15 9 9 8 11 13 2 5 6 8 7 0 5 6 7 6 0 4 5 4 4 0 3 4 3 4 
1
86 68 122 127 85 78 70 122 157 102 81 69 102 101 79 61 65 88 65 48 22 83 122 73 36 10 47 67 39 18 2 8 8 5 4 18 7 9 12 12 38 15 18 25 25 19 6 8 12 12 0 0 1 1 2 0 0 2 3 4 0 1 3 3 4 
1
132 47 77 88 82 118 61 93 93 84 105 74 105 82 76 61 95 146 89 54 35 92 147 87 44 11 47 67 41 21 1 12 15 12 8 5 4 6 9 8 21 5 8 12 18 19 3 8 10 18 3 2 3 5 7 0 0 2 3 3 0 0 0 0 0 
1
125 42 69 89 71 111 55 86 114 83 91 62 97 106 72 62 90 131 92 56 29 96 152 92 44 13 47 69 41 21 5 6 8 7 6 32 7 10 13 14 52 9 13 18 20 3 4 5 7 9 0 2 3 6 5 0 0 1 3 2 0 0 2 2 1 
1
108 37 64 73 55 131 50 79 98 74 122 63 98 100 73 57 110 167 107 59 31 96 138 80 43 9 34 45 26 15 8 9 13 11 12 33 12 16 19 27 19 12 14 16 25 3 7 8 7 11 0 5 7 7 8 0 2 4 7 8 0 1 3 3 6 
1
95 37 61 71 51 142 65 96 101 81 132 72 107 102 80 76 104 153 101 63 34 99 133 75 43 9 42 53 30 18 6 9 11 8 9 25 5 8 9 16 13 5 8 8 14 2 5 8 8 9 0 4 6 8 8 0 4 5 8 8 0 4 5 6 6 
105 1683 49 1040 79 1828 90 1914 71 1194 107 2235 62 615 100 1435 117 2364 88 904 97 1825 68 417 106 721 107 1386 79 512 61 780 90 1353 131 2562 88 1523 53 648 30 442 92 742 140 1283 84 952 42 445 10 151 44 600 62 781 37 531 20 227 3 273 8 228 10 302 7 295 7 309 19 896 7 246 9 294 11 346 13 550 35 1796 10 335 13 398 17 563 21 464 11 1116 6 236 7 227 9 385 11 443 0 108 3 216 4 204 5 241 5 233 0 0 2 179 3 156 4 200 4 223 0 0 2 151 2 172 3 171 3 232 
eight
1
6 189 108 58 33 8 254 145 79 43 5 121 84 43 23 4 50 37 16 10 11 16 16 15 14 77 30 40 50 50 171 48 67 80 78 149 29 44 54 53 34 10 13 15 17 0 4 4 4 6 0 4 5 6 8 0 5 7 5 8 0 5 7 6 7 
1
6 328 105 61 30 9 326 150 92 50 2 85 50 31 19 2 58 47 22 14 0 23 21 10 10 27 19 19 19 26 166 27 45 42 45 70 164 64 35 33 6 72 24 13 13 0 12 8 6 8 0 6 7 6 7 0 6 7 6 7 0 6 7 6 8 
1
35 161 133 61 43 38 184 140 61 41 30 146 116 50 31 6 55 50 24 15 20 18 27 29 25 106 37 62 85 73 153 36 62 76 71 47 18 29 31 34 2 7 11 12 14 0 4 8 8 8 0 5 9 9 5 0 3 6 6 7 0 0 1 1 1 
1
9 219 117 62 35 25 254 154 67 44 29 177 156 67 40 9 74 67 33 20 10 19 20 17 18 99 37 52 66 56 102 39 52 67 57 14 15 16 18 19 1 7 10 9 11 1 6 10 8 10 0 7 10 7 8 0 5 7 6 7 0 1 2 3 3 
1
31 149 113 49 33 34 175 131 55 41 20 117 84 36 28 7 43 33 19 18 42 20 26 29 31 148 30 47 63 67 202 38 56 77 80 83 23 30 39 39 10 13 15 15 19 0 11 13 11 15 0 7 9 8 11 0 5 8 7 9 0 2 4 4 4 
1
20 164 118 52 39 30 183 136 57 40 21 130 102 44 25 4 46 39 22 13 28 10 14 21 23 150 15 27 41 50 248 25 36 48 61 132 37 32 35 41 9 28 23 18 18 0 11 15 10 9 0 10 11 8 10 0 9 9 8 9 0 4 4 4 4 
1
21 104 81 31 21 37 174 150 59 35 20 108 89 38 21 4 36 31 16 13 80 23 36 40 48 217 36 55 70 89 200 37 46 59 77 72 18 23 31 39 8 6 10 13 15 0 4 6 7 5 0 7 9 8 8 0 12 13 11 11 0 12 13 12 14 
1
23 108 77 35 26 41 184 138 58 45 25 141 109 48 35 5 53 41 23 19 46 22 26 35 53 212 35 44 60 87 170 23 37 47 61 48 13 21 22 26 4 13 13 14 15 0 14 12 13 16 0 12 12 12 15 0 11 15 12 11 0 14 15 12 11 
1
32 128 99 44 31 43 166 135 57 38 25 112 94 38 26 8 42 38 21 18 50 21 27 31 38 183 35 51 62 83 175 33 48 58 77 61 18 25 29 36 6 13 16 14 16 0 11 16 12 12 0 10 15 12 12 0 9 12 11 12 0 7 9 8 9 
1
27 172 140 60 40 28 234 183 77 51 30 187 168 69 35 16 66 57 23 14 39 16 19 20 25 149 26 38 46 60 104 21 30 29 41 0 9 11 9 11 0 8 10 9 10 0 10 14 10 12 0 11 14 12 11 0 10 14 11 9 0 9 9 7 9 
21 1081 172 6515 109 2006 51 1135 33 662 29 1233 213 5199 146 1495 66 1242 43 498 21 987 132 3138 105 3496 46 1271 28 682 6 395 52 1156 44 1131 22 482 15 320 33 2375 19 402 23 648 25 956 28 1412 137 6026 30 779 44 1304 56 1816 64 1978 169 4386 33 853 48 1173 58 1689 65 1410 68 4634 34 4625 30 1515 30 1228 33 1190 8 974 18 2011 14 519 13 274 15 290 0 32 9 380 11 403 9 281 10 363 0 0 8 269 10 303 9 239 10 288 0 0 8 306 10 336 8 267 9 183 0 0 6 462 7 456 6 362 7 400 
nine
1
15 111 91 41 20 21 124 139 75 37 30 121 183 112 60 26 136 161 105 54 24 102 81 60 38 44 36 32 36 35 62 21 27 34 31 48 13 19 23 23 16 8 10 12 13 1 4 5 6 7 0 4 5 5 6 0 4 6 6 6 0 2 3 3 3 
1
16 100 78 34 16 21 141 139 75 35 34 130 198 121 57 28 122 169 106 49 10 102 74 42 37 62 36 31 35 35 64 56 33 33 32 17 43 23 22 22 9 6 9 13 15 0 5 6 6 4 0 2 4 5 4 0 4 3 3 4 0 1 2 2 2 
1
19 116 89 42 19 19 131 107 53 23 32 130 192 111 51 39 127 192 114 63 21 95 111 71 37 48 29 22 28 24 56 14 24 27 28 47 13 18 22 23 13 7 12 13 17 0 7 8 8 10 0 4 4 5 6 0 4 5 6 8 0 5 8 5 6 
1
18 105 80 36 18 19 115 101 47 20 29 127 180 103 49 31 113 159 98 51 22 65 76 44 25 6 290 102 60 35 26 26 18 21 26 50 9 16 20 25 23 9 11 12 18 0 3 6 7 8 0 2 3 4 4 0 1 2 3 4 0 2 3 3 3 
1
23 122 92 41 18 28 137 139 70 32 37 139 199 109 55 31 113 148 79 45 17 59 53 29 29 61 20 26 29 37 82 20 24 30 36 68 22 27 27 31 18 13 20 19 19 1 6 8 11 11 0 5 8 7 7 0 7 10 6 6 0 6 6 4 5 
1
21 122 97 46 21 23 139 128 59 25 39 141 225 129 60 35 128 174 103 56 17 69 82 47 30 31 14 14 21 27 56 16 20 24 28 44 13 17 21 25 21 7 11 15 20 1 6 10 10 12 0 7 10 7 8 0 7 11 8 10 0 4 5 5 7 
1
19 116 91 43 18 29 145 150 74 31 43 152 224 123 51 36 135 189 112 50 21 77 82 50 30 26 28 25 24 24 32 11 13 18 23 37 9 13 15 19 19 7 11 13 15 3 6 7 8 9 0 5 7 7 8 0 8 10 6 8 0 6 7 5 6 
1
22 126 93 45 19 24 133 112 51 26 44 133 212 121 54 44 119 172 103 51 26 48 63 35 24 74 15 26 31 33 83 20 22 28 37 43 13 20 21 28 4 12 13 15 18 0 8 8 8 10 0 7 8 7 8 0 7 9 7 8 0 7 12 9 9 
1
21 106 86 39 18 25 113 118 58 27 34 131 179 100 42 34 119 161 95 48 25 72 80 50 30 34 14 20 25 25 58 13 22 25 27 75 18 23 28 31 64 14 15 24 29 33 9 14 18 23 3 10 11 11 14 0 5 7 6 8 0 4 5 4 6 
1
20 109 84 40 17 30 155 159 84 37 48 161 207 126 60 47 132 182 112 53 33 46 63 41 30 53 11 16 21 27 52 11 18 22 28 30 11 14 17 24 6 6 9 10 13 0 4 5 5 5 0 5 7 7 9 0 7 8 8 8 0 8 11 8 8 
19 255 113 850 88 601 41 371 18 143 24 404 133 1313 129 1921 65 1254 29 598 37 638 136 1213 200 1697 116 989 54 582 35 671 124 849 171 1403 103 1033 52 497 22 619 74 2058 76 1566 47 1202 31 488 44 2013 49 8508 31 2548 31 1145 30 525 57 1822 21 1329 22 549 26 520 30 440 46 1679 16 1015 19 437 22 395 25 387 19 1694 9 300 12 331 15 409 18 464 4 1027 6 187 8 271 9 374 10 526 0 95 5 242 7 267 6 196 7 288 0 0 5 217 7 307 6 173 7 194 0 0 4 232 6 336 5 220 6 227 
ten
1
92 62 49 31 42 25 101 92 42 32 28 94 87 52 40 65 73 74 76 72 62 86 106 104 87 76 54 80 91 76 73 58 57 53 48 71 23 25 27 24 0 4 4 4 5 0 3 4 4 3 0 3 4 3 3 0 3 4 2 4 0 1 3 2 3 
1
100 60 47 30 39 25 104 86 39 28 48 83 74 44 37 109 48 61 91 85 63 63 119 126 82 84 67 61 65 65 114 34 48 65 51 74 15 28 32 26 0 1 3 2 2 0 4 4 4 5 0 3 3 4 5 0 2 3 3 4 0 1 2 2 3 
1
103 25 26 26 38 45 87 68 32 27 22 96 84 45 34 99 51 74 87 101 70 55 110 137 91 92 50 65 88 79 97 33 58 72 58 97 15 25 33 34 1 3 4 4 6 0 2 2 3 3 0 1 2 2 3 0 2 2 3 3 0 1 2 2 2 
1
112 51 39 30 42 39 84 67 31 29 32 84 80 47 41 63 78 93 88 77 69 58 93 105 79 75 59 85 79 73 99 39 49 50 63 112 17 19 25 35 23 6 7 8 10 0 2 3 3 4 0 1 1 2 3 0 0 2 3 2 0 0 2 3 2 
1
56 61 45 27 31 30 90 69 34 27 58 73 71 53 53 115 77 94 96 101 107 78 76 82 87 113 48 61 80 72 92 33 54 64 49 40 17 30 26 25 0 5 7 4 7 0 4 5 4 4 0 4 4 4 4 0 3 5 4 5 0 2 3 3 3 
1
101 47 40 31 40 28 80 63 31 27 60 60 58 51 48 90 56 83 98 84 82 59 90 113 86 92 57 80 94 75 103 39 52 63 55 76 23 26 28 26 1 5 5 5 6 0 4 4 4 4 0 4 5 4 4 0 4 4 4 4 0 3 3 3 3 
1
74 70 56 34 38 29 91 77 39 32 56 72 75 59 52 100 56 74 93 73 97 49 67 84 66 115 41 52 72 75 118 28 43 66 75 75 11 22 32 33 16 4 7 8 10 0 4 5 4 4 0 4 6 4 4 0 3 7 3 4 0 2 4 2 3 
1
104 53 47 34 45 36 67 61 32 29 60 64 66 54 60 102 76 92 94 89 104 49 72 89 77 108 42 57 63 66 127 25 36 50 57 98 10 20 25 33 11 4 7 10 13 0 3 5 4 4 0 5 5 5 4 0 3 4 4 4 0 2 3 3 4 
1
44 44 32 17 18 51 79 63 35 30 73 77 68 65 52 111 67 73 92 75 126 53 73 100 82 124 40 66 87 74 120 27 46 53 54 75 13 22 22 30 22 6 9 9 11 2 4 5 4 5 0 4 6 4 4 0 4 6 4 5 0 3 4 4 3 
1
45 46 34 18 21 41 89 73 33 26 64 73 72 57 52 111 61 66 80 95 138 48 64 85 93 150 41 50 70 82 158 31 35 48 63 81 16 20 25 34 18 4 7 9 11 1 1 3 4 4 0 0 2 4 4 0 0 0 4 4 0 2 3 5 5 
83 2614 52 1258 42 903 28 600 35 917 35 894 87 1073 72 1030 35 388 29 211 50 1706 78 1177 74 864 53 652 47 840 96 1863 64 1135 78 1158 90 696 85 1108 92 2691 60 1280 87 1952 102 1861 83 780 103 2365 50 922 66 1218 79 1104 74 521 110 2311 35 942 48 800 58 847 57 810 80 1950 16 437 24 368 28 369 30 432 9 983 4 148 6 189 6 279 8 341 0 67 3 110 4 105 4 42 4 67 0 0 3 166 4 175 4 97 4 63 0 0 2 143 4 206 3 70 4 88 0 0 2 95 3 74 3 99 3 88 
